frame_0000.jpg,212,259,256,346,0
frame_0000.jpg,367,359,401,412,1
frame_0001.jpg,212,259,256,346,0
frame_0001.jpg,367,359,401,412,1
frame_0002.jpg,212,259,256,346,0
frame_0002.jpg,367,359,401,412,1
frame_0003.jpg,212,259,256,346,0
frame_0003.jpg,367,359,401,412,1
frame_0004.jpg,212,259,256,346,0
frame_0004.jpg,367,359,401,412,1
frame_0005.jpg,212,259,256,346,0
frame_0005.jpg,367,359,401,412,1
frame_0006.jpg,212,259,256,346,0
frame_0006.jpg,367,359,401,412,1
frame_0007.jpg,212,259,256,346,0
frame_0007.jpg,367,359,401,412,1
frame_0008.jpg,212,259,256,346,0
frame_0008.jpg,367,359,401,412,1
frame_0009.jpg,212,259,256,346,0
frame_0009.jpg,367,359,401,412,1
frame_0010.jpg,212,259,256,346,0
frame_0010.jpg,367,359,401,412,1
frame_0011.jpg,212,259,256,346,0
frame_0011.jpg,367,359,401,412,1
frame_0012.jpg,212,259,256,346,0
frame_0012.jpg,367,359,401,412,1
frame_0013.jpg,212,259,256,346,0
frame_0013.jpg,367,359,401,412,1
frame_0014.jpg,212,259,256,346,0
frame_0014.jpg,367,359,401,412,1
frame_0015.jpg,212,259,256,346,0
frame_0015.jpg,367,359,401,412,1
frame_0016.jpg,212,259,256,346,0
frame_0016.jpg,367,359,401,412,1
frame_0017.jpg,212,259,256,346,0
frame_0017.jpg,367,359,401,412,1
frame_0018.jpg,212,259,256,346,0
frame_0018.jpg,367,359,401,412,1
frame_0019.jpg,212,259,256,346,0
frame_0019.jpg,367,359,401,412,1
frame_0020.jpg,212,259,256,346,0
frame_0020.jpg,367,359,401,412,1
frame_0021.jpg,212,259,256,346,0
frame_0021.jpg,367,359,401,412,1
frame_0022.jpg,212,259,256,346,0
frame_0022.jpg,367,359,401,412,1
frame_0023.jpg,212,259,256,346,0
frame_0023.jpg,367,359,401,412,1
frame_0024.jpg,212,259,256,346,0
frame_0024.jpg,367,359,401,412,1
frame_0025.jpg,212,259,256,346,0
frame_0025.jpg,367,359,401,412,1
frame_0026.jpg,212,259,256,346,0
frame_0026.jpg,367,359,401,412,1
frame_0027.jpg,212,259,256,346,0
frame_0027.jpg,367,359,401,412,1
frame_0028.jpg,212,259,256,346,0
frame_0028.jpg,367,359,401,412,1
frame_0029.jpg,212,259,256,346,0
frame_0029.jpg,367,359,401,412,1
frame_0030.jpg,212,259,256,346,0
frame_0030.jpg,367,359,401,412,1
frame_0031.jpg,212,259,256,346,0
frame_0031.jpg,367,359,401,412,1
frame_0032.jpg,212,259,256,346,0
frame_0032.jpg,367,359,401,412,1
frame_0033.jpg,212,259,256,346,0
frame_0033.jpg,367,359,401,412,1
frame_0034.jpg,212,259,256,346,0
frame_0034.jpg,367,359,401,412,1
frame_0035.jpg,212,259,256,346,0
frame_0035.jpg,367,359,401,412,1
frame_0036.jpg,212,259,256,346,0
frame_0036.jpg,367,359,401,412,1
frame_0037.jpg,212,259,256,346,0
frame_0037.jpg,367,359,401,412,1
frame_0038.jpg,212,259,256,346,0
frame_0038.jpg,367,359,401,412,1
frame_0039.jpg,212,259,256,346,0
frame_0039.jpg,367,359,401,412,1
frame_0040.jpg,212,259,256,346,0
frame_0040.jpg,367,359,401,412,1
frame_0041.jpg,212,259,256,346,0
frame_0041.jpg,367,359,401,412,1
frame_0042.jpg,212,259,256,346,0
frame_0042.jpg,367,359,401,412,1
frame_0043.jpg,212,259,256,346,0
frame_0043.jpg,367,359,401,412,1
frame_0044.jpg,212,259,256,346,0
frame_0044.jpg,367,359,401,412,1
frame_0045.jpg,212,259,256,346,0
frame_0045.jpg,367,359,401,412,1
frame_0046.jpg,212,259,256,346,0
frame_0046.jpg,367,359,401,412,1
frame_0047.jpg,212,259,256,346,0
frame_0047.jpg,367,359,401,412,1
frame_0048.jpg,212,259,256,346,0
frame_0048.jpg,367,359,401,412,1
frame_0049.jpg,212,259,256,346,0
frame_0049.jpg,367,359,401,412,1
frame_0050.jpg,212,259,256,346,0
frame_0050.jpg,367,359,401,412,1
frame_0051.jpg,212,259,256,346,0
frame_0051.jpg,367,359,401,412,1
frame_0052.jpg,212,259,256,346,0
frame_0052.jpg,367,359,401,412,1
frame_0053.jpg,212,259,256,346,0
frame_0053.jpg,367,359,401,412,1
frame_0054.jpg,212,259,256,346,0
frame_0054.jpg,367,359,401,412,1
frame_0055.jpg,212,259,256,346,0
frame_0055.jpg,367,359,401,412,1
frame_0056.jpg,212,259,256,346,0
frame_0056.jpg,367,359,401,412,1
frame_0057.jpg,212,259,256,346,0
frame_0057.jpg,367,359,401,412,1
frame_0058.jpg,212,259,256,346,0
frame_0058.jpg,367,359,401,412,1
frame_0059.jpg,212,259,256,346,0
frame_0059.jpg,367,359,401,412,1
frame_0060.jpg,212,259,256,346,0
frame_0060.jpg,367,359,401,412,1
frame_0061.jpg,212,259,256,346,0
frame_0061.jpg,367,359,401,412,1
frame_0062.jpg,212,259,256,346,0
frame_0062.jpg,367,359,401,412,1
frame_0063.jpg,212,259,256,346,0
frame_0063.jpg,367,359,401,412,1
frame_0064.jpg,212,259,256,346,0
frame_0064.jpg,367,359,401,412,1
frame_0065.jpg,212,259,256,346,0
frame_0065.jpg,367,359,401,412,1
frame_0066.jpg,212,259,256,346,0
frame_0066.jpg,367,359,401,412,1
frame_0067.jpg,212,259,256,346,0
frame_0067.jpg,367,359,401,412,1
frame_0068.jpg,212,259,256,346,0
frame_0068.jpg,367,359,401,412,1
frame_0069.jpg,212,259,256,346,0
frame_0069.jpg,367,359,401,412,1
frame_0070.jpg,212,259,256,346,0
frame_0070.jpg,367,359,401,412,1
frame_0071.jpg,212,259,256,346,0
frame_0071.jpg,367,359,401,412,1
frame_0072.jpg,212,259,256,346,0
frame_0072.jpg,367,359,401,412,1
frame_0073.jpg,212,259,256,346,0
frame_0073.jpg,367,359,401,412,1
frame_0074.jpg,212,259,256,346,0
frame_0074.jpg,367,359,401,412,1
frame_0075.jpg,212,259,256,346,0
frame_0075.jpg,367,359,401,412,1
frame_0076.jpg,212,259,256,346,0
frame_0076.jpg,367,359,401,412,1
frame_0077.jpg,212,259,256,346,0
frame_0077.jpg,367,359,401,412,1
frame_0078.jpg,212,259,256,346,0
frame_0078.jpg,367,359,401,412,1
frame_0079.jpg,212,259,256,346,0
frame_0079.jpg,367,359,401,412,1
frame_0080.jpg,212,259,256,346,0
frame_0080.jpg,367,359,401,412,1
frame_0081.jpg,212,259,256,346,0
frame_0081.jpg,367,359,401,412,1
frame_0082.jpg,212,259,256,346,0
frame_0082.jpg,367,359,401,412,1
frame_0083.jpg,212,259,256,346,0
frame_0083.jpg,367,359,401,412,1
frame_0084.jpg,212,259,256,346,0
frame_0084.jpg,367,359,401,412,1
frame_0085.jpg,212,259,256,346,0
frame_0085.jpg,367,359,401,412,1
frame_0086.jpg,212,259,256,346,0
frame_0086.jpg,367,359,401,412,1
frame_0087.jpg,212,259,256,346,0
frame_0087.jpg,367,359,401,412,1
frame_0088.jpg,212,259,256,346,0
frame_0088.jpg,367,359,401,412,1
frame_0089.jpg,212,259,256,346,0
frame_0089.jpg,367,359,401,412,1
frame_0090.jpg,212,259,256,346,0
frame_0090.jpg,367,359,401,412,1
frame_0091.jpg,212,259,256,346,0
frame_0091.jpg,367,359,401,412,1
frame_0092.jpg,212,259,256,346,0
frame_0092.jpg,367,359,401,412,1
frame_0093.jpg,212,259,256,346,0
frame_0093.jpg,367,359,401,412,1
frame_0094.jpg,212,259,256,346,0
frame_0094.jpg,367,359,401,412,1
frame_0095.jpg,212,259,256,346,0
frame_0095.jpg,367,359,401,412,1
frame_0096.jpg,212,259,256,346,0
frame_0096.jpg,367,359,401,412,1
frame_0097.jpg,212,259,256,346,0
frame_0097.jpg,367,359,401,412,1
frame_0098.jpg,212,259,256,346,0
frame_0098.jpg,367,359,401,412,1
frame_0099.jpg,212,259,256,346,0
frame_0099.jpg,367,359,401,412,1
frame_0100.jpg,212,259,256,346,0
frame_0100.jpg,367,359,401,412,1
frame_0101.jpg,212,259,256,346,0
frame_0101.jpg,367,359,401,412,1
frame_0102.jpg,212,259,256,346,0
frame_0102.jpg,367,359,401,412,1
frame_0103.jpg,212,259,256,346,0
frame_0103.jpg,367,359,401,412,1
frame_0104.jpg,212,259,256,346,0
frame_0104.jpg,367,359,401,412,1
frame_0105.jpg,212,259,256,346,0
frame_0105.jpg,367,359,401,412,1
frame_0106.jpg,212,259,256,346,0
frame_0106.jpg,367,359,401,412,1
frame_0107.jpg,212,259,256,346,0
frame_0107.jpg,367,359,401,412,1
frame_0108.jpg,212,259,256,346,0
frame_0108.jpg,367,359,401,412,1
frame_0109.jpg,212,259,256,346,0
frame_0109.jpg,367,359,401,412,1
frame_0110.jpg,212,259,256,346,0
frame_0110.jpg,367,359,401,412,1
frame_0111.jpg,212,259,256,346,0
frame_0111.jpg,367,359,401,412,1
frame_0112.jpg,212,259,256,346,0
frame_0112.jpg,367,359,401,412,1
frame_0113.jpg,212,259,256,346,0
frame_0113.jpg,367,359,401,412,1
frame_0114.jpg,212,259,256,346,0
frame_0114.jpg,367,359,401,412,1
frame_0115.jpg,212,259,256,346,0
frame_0115.jpg,367,359,401,412,1
frame_0116.jpg,212,259,256,346,0
frame_0116.jpg,367,359,401,412,1
frame_0117.jpg,212,259,256,346,0
frame_0117.jpg,367,359,401,412,1
frame_0118.jpg,212,259,256,346,0
frame_0118.jpg,367,359,401,412,1
frame_0119.jpg,212,259,256,346,0
frame_0119.jpg,367,359,401,412,1
frame_0120.jpg,212,259,256,346,0
frame_0120.jpg,367,359,401,412,1
frame_0121.jpg,212,259,256,346,0
frame_0121.jpg,367,359,401,412,1
frame_0122.jpg,212,259,256,346,0
frame_0122.jpg,367,359,401,412,1
frame_0123.jpg,212,259,256,346,0
frame_0123.jpg,367,359,401,412,1
frame_0124.jpg,212,259,256,346,0
frame_0124.jpg,367,359,401,412,1
frame_0125.jpg,212,259,256,346,0
frame_0125.jpg,367,359,401,412,1
frame_0126.jpg,212,259,256,346,0
frame_0126.jpg,367,359,401,412,1
frame_0127.jpg,212,259,256,346,0
frame_0127.jpg,367,359,401,412,1
frame_0128.jpg,212,259,256,346,0
frame_0128.jpg,367,359,401,412,1
frame_0129.jpg,212,259,256,346,0
frame_0129.jpg,367,359,401,412,1
frame_0130.jpg,212,259,256,346,0
frame_0130.jpg,367,359,401,412,1
frame_0131.jpg,212,259,256,346,0
frame_0131.jpg,367,359,401,412,1
frame_0132.jpg,212,259,256,346,0
frame_0132.jpg,367,359,401,412,1
frame_0133.jpg,212,259,256,346,0
frame_0133.jpg,367,359,401,412,1
frame_0134.jpg,212,259,256,346,0
frame_0134.jpg,367,359,401,412,1
frame_0135.jpg,212,259,256,346,0
frame_0135.jpg,367,359,401,412,1
frame_0136.jpg,212,259,256,346,0
frame_0136.jpg,367,359,401,412,1
frame_0137.jpg,212,259,256,346,0
frame_0137.jpg,367,359,401,412,1
frame_0138.jpg,212,259,256,346,0
frame_0138.jpg,367,359,401,412,1
frame_0139.jpg,212,259,256,346,0
frame_0139.jpg,367,359,401,412,1
frame_0140.jpg,212,259,256,346,0
frame_0140.jpg,367,359,401,412,1
frame_0141.jpg,212,259,256,346,0
frame_0141.jpg,367,359,401,412,1
frame_0142.jpg,212,259,256,346,0
frame_0142.jpg,367,359,401,412,1
frame_0143.jpg,212,259,256,346,0
frame_0143.jpg,367,359,401,412,1
frame_0144.jpg,212,259,256,346,0
frame_0144.jpg,367,359,401,412,1
frame_0145.jpg,212,259,256,346,0
frame_0145.jpg,367,359,401,412,1
frame_0146.jpg,212,259,256,346,0
frame_0146.jpg,367,359,401,412,1
frame_0147.jpg,212,259,256,346,0
frame_0147.jpg,367,359,401,412,1
frame_0148.jpg,212,259,256,346,0
frame_0148.jpg,367,359,401,412,1
frame_0149.jpg,212,259,256,346,0
frame_0149.jpg,367,359,401,412,1
frame_0150.jpg,212,259,256,346,0
frame_0150.jpg,367,359,401,412,1
frame_0151.jpg,212,259,256,346,0
frame_0151.jpg,367,359,401,412,1
frame_0152.jpg,212,259,256,346,0
frame_0152.jpg,367,359,401,412,1
frame_0153.jpg,212,259,256,346,0
frame_0153.jpg,367,359,401,412,1
frame_0154.jpg,212,259,256,346,0
frame_0154.jpg,367,359,401,412,1
frame_0155.jpg,212,259,256,346,0
frame_0155.jpg,367,359,401,412,1
frame_0156.jpg,212,259,256,346,0
frame_0156.jpg,367,359,401,412,1
frame_0157.jpg,212,259,256,346,0
frame_0157.jpg,367,359,401,412,1
frame_0158.jpg,212,259,256,346,0
frame_0158.jpg,367,359,401,412,1
frame_0159.jpg,212,259,256,346,0
frame_0159.jpg,367,359,401,412,1
frame_0160.jpg,212,259,256,346,0
frame_0160.jpg,367,359,401,412,1
frame_0161.jpg,212,259,256,346,0
frame_0161.jpg,367,359,401,412,1
frame_0162.jpg,212,259,256,346,0
frame_0162.jpg,367,359,401,412,1
frame_0163.jpg,212,259,256,346,0
frame_0163.jpg,367,359,401,412,1
frame_0164.jpg,212,259,256,346,0
frame_0164.jpg,367,359,401,412,1
frame_0165.jpg,212,259,256,346,0
frame_0165.jpg,367,359,401,412,1
frame_0166.jpg,212,259,256,346,0
frame_0166.jpg,367,359,401,412,1
frame_0167.jpg,212,259,256,346,0
frame_0167.jpg,367,359,401,412,1
frame_0168.jpg,212,259,256,346,0
frame_0168.jpg,367,359,401,412,1
frame_0169.jpg,212,259,256,346,0
frame_0169.jpg,367,359,401,412,1
frame_0170.jpg,212,259,256,346,0
frame_0170.jpg,367,359,401,412,1
frame_0171.jpg,212,259,256,346,0
frame_0171.jpg,367,359,401,412,1
frame_0172.jpg,212,259,256,346,0
frame_0172.jpg,367,359,401,412,1
frame_0173.jpg,212,259,256,346,0
frame_0173.jpg,367,359,401,412,1
frame_0174.jpg,212,259,256,346,0
frame_0174.jpg,367,359,401,412,1
frame_0175.jpg,212,259,256,346,0
frame_0175.jpg,367,359,401,412,1
frame_0176.jpg,212,259,256,346,0
frame_0176.jpg,367,359,401,412,1
frame_0177.jpg,212,259,256,346,0
frame_0177.jpg,367,359,401,412,1
frame_0178.jpg,212,259,256,346,0
frame_0178.jpg,367,359,401,412,1
frame_0179.jpg,212,259,256,346,0
frame_0179.jpg,367,359,401,412,1
frame_0180.jpg,212,259,256,346,0
frame_0180.jpg,367,359,401,412,1
frame_0181.jpg,212,259,256,346,0
frame_0181.jpg,367,359,401,412,1
frame_0182.jpg,212,259,256,346,0
frame_0182.jpg,367,359,401,412,1
frame_0183.jpg,212,259,256,346,0
frame_0183.jpg,367,359,401,412,1
frame_0184.jpg,212,259,256,346,0
frame_0184.jpg,367,359,401,412,1
frame_0185.jpg,212,259,256,346,0
frame_0185.jpg,367,359,401,412,1
frame_0186.jpg,212,259,256,346,0
frame_0186.jpg,367,359,401,412,1
frame_0187.jpg,212,259,256,346,0
frame_0187.jpg,367,359,401,412,1
frame_0188.jpg,212,259,256,346,0
frame_0188.jpg,367,359,401,412,1
frame_0189.jpg,212,259,256,346,0
frame_0189.jpg,367,359,401,412,1
frame_0190.jpg,212,259,256,346,0
frame_0190.jpg,367,359,401,412,1
frame_0191.jpg,212,259,256,346,0
frame_0191.jpg,367,359,401,412,1
frame_0192.jpg,212,259,256,346,0
frame_0192.jpg,367,359,401,412,1
frame_0193.jpg,212,259,256,346,0
frame_0193.jpg,367,359,401,412,1
frame_0194.jpg,212,259,256,346,0
frame_0194.jpg,367,359,401,412,1
frame_0195.jpg,212,259,256,346,0
frame_0195.jpg,367,359,401,412,1
frame_0196.jpg,212,259,256,346,0
frame_0196.jpg,367,359,401,412,1
frame_0197.jpg,212,259,256,346,0
frame_0197.jpg,367,359,401,412,1
frame_0198.jpg,212,259,256,346,0
frame_0198.jpg,367,359,401,412,1
frame_0199.jpg,212,259,256,346,0
frame_0199.jpg,367,359,401,412,1
frame_0200.jpg,212,259,256,346,0
frame_0200.jpg,367,359,401,412,1
frame_0201.jpg,212,259,256,346,0
frame_0201.jpg,367,359,401,412,1
frame_0202.jpg,212,259,256,346,0
frame_0202.jpg,367,359,401,412,1
frame_0203.jpg,212,259,256,346,0
frame_0203.jpg,367,359,401,412,1
frame_0204.jpg,212,259,256,346,0
frame_0204.jpg,367,359,401,412,1
frame_0205.jpg,212,259,256,346,0
frame_0205.jpg,367,359,401,412,1
frame_0206.jpg,212,259,256,346,0
frame_0206.jpg,367,359,401,412,1
frame_0207.jpg,212,259,256,346,0
frame_0207.jpg,367,359,401,412,1
frame_0208.jpg,212,259,256,346,0
frame_0208.jpg,367,359,401,412,1
frame_0209.jpg,212,259,256,346,0
frame_0209.jpg,367,359,401,412,1
frame_0210.jpg,212,259,256,346,0
frame_0210.jpg,367,359,401,412,1
frame_0211.jpg,212,259,256,346,0
frame_0211.jpg,367,359,401,412,1
frame_0212.jpg,212,259,256,346,0
frame_0212.jpg,367,359,401,412,1
frame_0213.jpg,212,259,256,346,0
frame_0213.jpg,367,359,401,412,1
frame_0214.jpg,212,259,256,346,0
frame_0214.jpg,367,359,401,412,1
frame_0215.jpg,212,259,256,346,0
frame_0215.jpg,367,359,401,412,1
frame_0216.jpg,212,259,256,346,0
frame_0216.jpg,367,359,401,412,1
frame_0217.jpg,212,259,256,346,0
frame_0217.jpg,367,359,401,412,1
frame_0218.jpg,212,259,256,346,0
frame_0218.jpg,367,359,401,412,1
frame_0219.jpg,212,259,256,346,0
frame_0219.jpg,367,359,401,412,1
frame_0220.jpg,212,259,256,346,0
frame_0220.jpg,367,359,401,412,1
frame_0221.jpg,212,259,256,346,0
frame_0221.jpg,367,359,401,412,1
frame_0222.jpg,212,259,256,346,0
frame_0222.jpg,367,359,401,412,1
frame_0223.jpg,212,259,256,346,0
frame_0223.jpg,367,359,401,412,1
frame_0224.jpg,212,259,256,346,0
frame_0224.jpg,367,359,401,412,1
frame_0225.jpg,212,259,256,346,0
frame_0225.jpg,367,359,401,412,1
frame_0226.jpg,212,259,256,346,0
frame_0226.jpg,367,359,401,412,1
frame_0227.jpg,212,259,256,346,0
frame_0227.jpg,367,359,401,412,1
frame_0228.jpg,212,259,256,346,0
frame_0228.jpg,367,359,401,412,1
frame_0229.jpg,212,259,256,346,0
frame_0229.jpg,367,359,401,412,1
frame_0230.jpg,212,259,256,346,0
frame_0230.jpg,367,359,401,412,1
frame_0231.jpg,212,259,256,346,0
frame_0231.jpg,367,359,401,412,1
frame_0232.jpg,212,259,256,346,0
frame_0232.jpg,367,359,401,412,1
frame_0233.jpg,212,259,256,346,0
frame_0233.jpg,367,359,401,412,1
frame_0234.jpg,212,259,256,346,0
frame_0234.jpg,367,359,401,412,1
frame_0235.jpg,212,259,256,346,0
frame_0235.jpg,367,359,401,412,1
frame_0236.jpg,212,259,256,346,0
frame_0236.jpg,367,359,401,412,1
frame_0237.jpg,212,259,256,346,0
frame_0237.jpg,367,359,401,412,1
frame_0238.jpg,212,259,256,346,0
frame_0238.jpg,367,359,401,412,1
frame_0239.jpg,212,259,256,346,0
frame_0239.jpg,367,359,401,412,1
frame_0240.jpg,212,259,256,346,0
frame_0240.jpg,367,359,401,412,1
frame_0241.jpg,212,259,256,346,0
frame_0241.jpg,367,359,401,412,1
frame_0242.jpg,212,259,256,346,0
frame_0242.jpg,367,359,401,412,1
frame_0243.jpg,212,259,256,346,0
frame_0243.jpg,367,359,401,412,1
frame_0244.jpg,212,259,256,346,0
frame_0244.jpg,367,359,401,412,1
frame_0245.jpg,212,259,256,346,0
frame_0245.jpg,367,359,401,412,1
frame_0246.jpg,212,259,256,346,0
frame_0246.jpg,367,359,401,412,1
frame_0247.jpg,212,259,256,346,0
frame_0247.jpg,367,359,401,412,1
frame_0248.jpg,212,259,256,346,0
frame_0248.jpg,367,359,401,412,1
frame_0249.jpg,212,259,256,346,0
frame_0249.jpg,367,359,401,412,1
frame_0250.jpg,212,259,256,346,0
frame_0250.jpg,367,359,401,412,1
frame_0251.jpg,212,259,256,346,0
frame_0251.jpg,367,359,401,412,1
frame_0252.jpg,212,259,256,346,0
frame_0252.jpg,367,359,401,412,1
frame_0253.jpg,212,259,256,346,0
frame_0253.jpg,367,359,401,412,1
frame_0254.jpg,212,259,256,346,0
frame_0254.jpg,367,359,401,412,1
frame_0255.jpg,212,259,256,346,0
frame_0255.jpg,367,359,401,412,1
frame_0256.jpg,212,259,256,346,0
frame_0256.jpg,367,359,401,412,1
frame_0257.jpg,212,259,256,346,0
frame_0257.jpg,367,359,401,412,1
frame_0258.jpg,212,259,256,346,0
frame_0258.jpg,367,359,401,412,1
frame_0259.jpg,212,259,256,346,0
frame_0259.jpg,367,359,401,412,1
frame_0260.jpg,212,259,256,346,0
frame_0260.jpg,367,359,401,412,1
frame_0261.jpg,212,259,256,346,0
frame_0261.jpg,367,359,401,412,1
frame_0262.jpg,212,259,256,346,0
frame_0262.jpg,367,359,401,412,1
frame_0263.jpg,212,259,256,346,0
frame_0263.jpg,367,359,401,412,1
frame_0264.jpg,212,259,256,346,0
frame_0264.jpg,367,359,401,412,1
frame_0265.jpg,212,259,256,346,0
frame_0265.jpg,367,359,401,412,1
frame_0266.jpg,212,259,256,346,0
frame_0266.jpg,367,359,401,412,1
frame_0267.jpg,212,259,256,346,0
frame_0267.jpg,367,359,401,412,1
frame_0268.jpg,212,259,256,346,0
frame_0268.jpg,367,359,401,412,1
frame_0269.jpg,212,259,256,346,0
frame_0269.jpg,367,359,401,412,1
frame_0270.jpg,212,259,256,346,0
frame_0270.jpg,367,359,401,412,1
frame_0271.jpg,212,259,256,346,0
frame_0271.jpg,367,359,401,412,1
frame_0272.jpg,212,259,256,346,0
frame_0272.jpg,367,359,401,412,1
frame_0273.jpg,212,259,256,346,0
frame_0273.jpg,367,359,401,412,1
frame_0274.jpg,212,259,256,346,0
frame_0274.jpg,367,359,401,412,1
frame_0275.jpg,212,259,256,346,0
frame_0275.jpg,367,359,401,412,1
frame_0276.jpg,212,259,256,346,0
frame_0276.jpg,367,359,401,412,1
frame_0277.jpg,212,259,256,346,0
frame_0277.jpg,367,359,401,412,1
frame_0278.jpg,212,259,256,346,0
frame_0278.jpg,367,359,401,412,1
frame_0279.jpg,212,259,256,346,0
frame_0279.jpg,367,359,401,412,1
frame_0280.jpg,212,259,256,346,0
frame_0280.jpg,367,359,401,412,1
frame_0281.jpg,212,259,256,346,0
frame_0281.jpg,367,359,401,412,1
frame_0282.jpg,212,259,256,346,0
frame_0282.jpg,367,359,401,412,1
frame_0283.jpg,212,259,256,346,0
frame_0283.jpg,367,359,401,412,1
frame_0284.jpg,212,259,256,346,0
frame_0284.jpg,367,359,401,412,1
frame_0285.jpg,212,259,256,346,0
frame_0285.jpg,367,359,401,412,1
frame_0286.jpg,212,259,256,346,0
frame_0286.jpg,367,359,401,412,1
frame_0287.jpg,212,259,256,346,0
frame_0287.jpg,367,359,401,412,1
frame_0288.jpg,212,259,256,346,0
frame_0288.jpg,367,359,401,412,1
frame_0289.jpg,212,259,256,346,0
frame_0289.jpg,367,359,401,412,1
frame_0290.jpg,212,259,256,346,0
frame_0290.jpg,367,359,401,412,1
frame_0291.jpg,212,259,256,346,0
frame_0291.jpg,367,359,401,412,1
frame_0292.jpg,212,259,256,346,0
frame_0292.jpg,367,359,401,412,1
frame_0293.jpg,212,259,256,346,0
frame_0293.jpg,367,359,401,412,1
frame_0294.jpg,212,259,256,346,0
frame_0294.jpg,367,359,401,412,1
frame_0295.jpg,212,259,256,346,0
frame_0295.jpg,367,359,401,412,1
frame_0296.jpg,212,259,256,346,0
frame_0296.jpg,367,359,401,412,1
frame_0297.jpg,212,259,256,346,0
frame_0297.jpg,367,359,401,412,1
frame_0298.jpg,212,259,256,346,0
frame_0298.jpg,367,359,401,412,1
frame_0299.jpg,212,259,256,346,0
frame_0299.jpg,367,359,401,412,1
frame_0300.jpg,212,259,256,346,0
frame_0300.jpg,367,359,401,412,1
frame_0301.jpg,212,259,256,346,0
frame_0301.jpg,367,359,401,412,1
frame_0302.jpg,212,259,256,346,0
frame_0302.jpg,367,359,401,412,1
frame_0303.jpg,212,259,256,346,0
frame_0303.jpg,367,359,401,412,1
frame_0304.jpg,212,259,256,346,0
frame_0304.jpg,367,359,401,412,1
frame_0305.jpg,212,259,256,346,0
frame_0305.jpg,367,359,401,412,1
frame_0306.jpg,212,259,256,346,0
frame_0306.jpg,367,359,401,412,1
frame_0307.jpg,212,259,256,346,0
frame_0307.jpg,367,359,401,412,1
frame_0308.jpg,212,259,256,346,0
frame_0308.jpg,367,359,401,412,1
frame_0309.jpg,212,259,256,346,0
frame_0309.jpg,367,359,401,412,1
frame_0310.jpg,212,259,256,346,0
frame_0310.jpg,367,359,401,412,1
frame_0311.jpg,212,259,256,346,0
frame_0311.jpg,367,359,401,412,1
frame_0312.jpg,212,259,256,346,0
frame_0312.jpg,367,359,401,412,1
frame_0313.jpg,212,259,256,346,0
frame_0313.jpg,367,359,401,412,1
frame_0314.jpg,212,259,256,346,0
frame_0314.jpg,367,359,401,412,1
frame_0315.jpg,212,259,256,346,0
frame_0315.jpg,367,359,401,412,1
frame_0316.jpg,212,259,256,346,0
frame_0316.jpg,367,359,401,412,1
frame_0317.jpg,212,259,256,346,0
frame_0317.jpg,367,359,401,412,1
frame_0318.jpg,212,259,256,346,0
frame_0318.jpg,367,359,401,412,1
frame_0319.jpg,212,259,256,346,0
frame_0319.jpg,367,359,401,412,1
frame_0320.jpg,212,259,256,346,0
frame_0320.jpg,367,359,401,412,1
frame_0321.jpg,212,259,256,346,0
frame_0321.jpg,367,359,401,412,1
frame_0322.jpg,212,259,256,346,0
frame_0322.jpg,367,359,401,412,1
frame_0323.jpg,212,259,256,346,0
frame_0323.jpg,367,359,401,412,1
frame_0324.jpg,212,259,256,346,0
frame_0324.jpg,367,359,401,412,1
frame_0325.jpg,212,259,256,346,0
frame_0325.jpg,367,359,401,412,1
frame_0326.jpg,212,259,256,346,0
frame_0326.jpg,367,359,401,412,1
frame_0327.jpg,212,259,256,346,0
frame_0327.jpg,367,359,401,412,1
frame_0328.jpg,212,259,256,346,0
frame_0328.jpg,367,359,401,412,1
frame_0329.jpg,212,259,256,346,0
frame_0329.jpg,367,359,401,412,1
frame_0330.jpg,212,259,256,346,0
frame_0330.jpg,367,359,401,412,1
frame_0331.jpg,212,259,256,346,0
frame_0331.jpg,367,359,401,412,1
frame_0332.jpg,212,259,256,346,0
frame_0332.jpg,367,359,401,412,1
frame_0333.jpg,212,259,256,346,0
frame_0333.jpg,367,359,401,412,1
frame_0334.jpg,212,259,256,346,0
frame_0334.jpg,367,359,401,412,1
frame_0335.jpg,212,259,256,346,0
frame_0335.jpg,367,359,401,412,1
frame_0336.jpg,212,259,256,346,0
frame_0336.jpg,367,359,401,412,1
frame_0337.jpg,212,259,256,346,0
frame_0337.jpg,367,359,401,412,1
frame_0338.jpg,212,259,256,346,0
frame_0338.jpg,367,359,401,412,1
frame_0339.jpg,212,259,256,346,0
frame_0339.jpg,367,359,401,412,1
frame_0340.jpg,212,259,256,346,0
frame_0340.jpg,367,359,401,412,1
frame_0341.jpg,212,259,256,346,0
frame_0341.jpg,367,359,401,412,1
frame_0342.jpg,212,259,256,346,0
frame_0342.jpg,367,359,401,412,1
frame_0343.jpg,212,259,256,346,0
frame_0343.jpg,367,359,401,412,1
frame_0344.jpg,212,259,256,346,0
frame_0344.jpg,367,359,401,412,1
frame_0345.jpg,212,259,256,346,0
frame_0345.jpg,367,359,401,412,1
frame_0346.jpg,212,259,256,346,0
frame_0346.jpg,367,359,401,412,1
frame_0347.jpg,212,259,256,346,0
frame_0347.jpg,367,359,401,412,1
frame_0348.jpg,212,259,256,346,0
frame_0348.jpg,367,359,401,412,1
frame_0349.jpg,212,259,256,346,0
frame_0349.jpg,367,359,401,412,1
frame_0350.jpg,212,259,256,346,0
frame_0350.jpg,367,359,401,412,1
frame_0351.jpg,212,259,256,346,0
frame_0351.jpg,367,359,401,412,1
frame_0352.jpg,212,259,256,346,0
frame_0352.jpg,367,359,401,412,1
frame_0353.jpg,212,259,256,346,0
frame_0353.jpg,367,359,401,412,1
frame_0354.jpg,212,259,256,346,0
frame_0354.jpg,367,359,401,412,1
frame_0355.jpg,212,259,256,346,0
frame_0355.jpg,367,359,401,412,1
frame_0356.jpg,212,259,256,346,0
frame_0356.jpg,367,359,401,412,1
frame_0357.jpg,212,259,256,346,0
frame_0357.jpg,367,359,401,412,1
frame_0358.jpg,212,259,256,346,0
frame_0358.jpg,367,359,401,412,1
frame_0359.jpg,212,259,256,346,0
frame_0359.jpg,367,359,401,412,1
frame_0360.jpg,212,259,256,346,0
frame_0360.jpg,367,359,401,412,1
frame_0361.jpg,212,259,256,346,0
frame_0361.jpg,367,359,401,412,1
frame_0362.jpg,212,259,256,346,0
frame_0362.jpg,367,359,401,412,1
frame_0363.jpg,212,259,256,346,0
frame_0363.jpg,367,359,401,412,1
frame_0364.jpg,212,259,256,346,0
frame_0364.jpg,367,359,401,412,1
frame_0365.jpg,212,259,256,346,0
frame_0365.jpg,367,359,401,412,1
frame_0366.jpg,212,259,256,346,0
frame_0366.jpg,367,359,401,412,1
frame_0367.jpg,212,259,256,346,0
frame_0367.jpg,367,359,401,412,1
frame_0368.jpg,212,259,256,346,0
frame_0368.jpg,367,359,401,412,1
frame_0369.jpg,212,259,256,346,0
frame_0369.jpg,367,359,401,412,1
frame_0370.jpg,212,259,256,346,0
frame_0370.jpg,367,359,401,412,1
frame_0371.jpg,212,259,256,346,0
frame_0371.jpg,367,359,401,412,1
frame_0372.jpg,212,259,256,346,0
frame_0372.jpg,367,359,401,412,1
frame_0373.jpg,212,259,256,346,0
frame_0373.jpg,367,359,401,412,1
frame_0374.jpg,212,259,256,346,0
frame_0374.jpg,367,359,401,412,1
frame_0375.jpg,212,259,256,346,0
frame_0375.jpg,367,359,401,412,1
frame_0376.jpg,212,259,256,346,0
frame_0376.jpg,367,359,401,412,1
frame_0377.jpg,212,259,256,346,0
frame_0377.jpg,367,359,401,412,1
frame_0378.jpg,212,259,256,346,0
frame_0378.jpg,367,359,401,412,1
frame_0379.jpg,212,259,256,346,0
frame_0379.jpg,367,359,401,412,1
frame_0380.jpg,212,259,256,346,0
frame_0380.jpg,367,359,401,412,1
frame_0381.jpg,212,259,256,346,0
frame_0381.jpg,367,359,401,412,1
frame_0382.jpg,212,259,256,346,0
frame_0382.jpg,367,359,401,412,1
frame_0383.jpg,212,259,256,346,0
frame_0383.jpg,367,359,401,412,1
frame_0384.jpg,212,259,256,346,0
frame_0384.jpg,367,359,401,412,1
frame_0385.jpg,212,259,256,346,0
frame_0385.jpg,367,359,401,412,1
frame_0386.jpg,212,259,256,346,0
frame_0386.jpg,367,359,401,412,1
frame_0387.jpg,212,259,256,346,0
frame_0387.jpg,367,359,401,412,1
frame_0388.jpg,212,259,256,346,0
frame_0388.jpg,367,359,401,412,1
frame_0389.jpg,212,259,256,346,0
frame_0389.jpg,367,359,401,412,1
frame_0390.jpg,212,259,256,346,0
frame_0390.jpg,367,359,401,412,1
frame_0391.jpg,212,259,256,346,0
frame_0391.jpg,367,359,401,412,1
frame_0392.jpg,212,259,256,346,0
frame_0392.jpg,367,359,401,412,1
frame_0393.jpg,212,259,256,346,0
frame_0393.jpg,367,359,401,412,1
frame_0394.jpg,212,259,256,346,0
frame_0394.jpg,367,359,401,412,1
frame_0395.jpg,212,259,256,346,0
frame_0395.jpg,367,359,401,412,1
frame_0396.jpg,212,259,256,346,0
frame_0396.jpg,367,359,401,412,1
frame_0397.jpg,212,259,256,346,0
frame_0397.jpg,367,359,401,412,1
frame_0398.jpg,212,259,256,346,0
frame_0398.jpg,367,359,401,412,1
frame_0399.jpg,212,259,256,346,0
frame_0399.jpg,367,359,401,412,1
frame_0400.jpg,212,259,256,346,0
frame_0400.jpg,367,359,401,412,1
frame_0401.jpg,212,259,256,346,0
frame_0401.jpg,367,359,401,412,1
frame_0402.jpg,212,259,256,346,0
frame_0402.jpg,367,359,401,412,1
frame_0403.jpg,212,259,256,346,0
frame_0403.jpg,367,359,401,412,1
frame_0404.jpg,212,259,256,346,0
frame_0404.jpg,367,359,401,412,1
frame_0405.jpg,212,259,256,346,0
frame_0405.jpg,367,359,401,412,1
frame_0406.jpg,212,259,256,346,0
frame_0406.jpg,367,359,401,412,1
frame_0407.jpg,212,259,256,346,0
frame_0407.jpg,367,359,401,412,1
frame_0408.jpg,212,259,256,346,0
frame_0408.jpg,367,359,401,412,1
frame_0409.jpg,212,259,256,346,0
frame_0409.jpg,367,359,401,412,1
frame_0410.jpg,212,259,256,346,0
frame_0410.jpg,367,359,401,412,1
frame_0411.jpg,212,259,256,346,0
frame_0411.jpg,367,359,401,412,1
frame_0412.jpg,212,259,256,346,0
frame_0412.jpg,367,359,401,412,1
frame_0413.jpg,212,259,256,346,0
frame_0413.jpg,367,359,401,412,1
frame_0414.jpg,212,259,256,346,0
frame_0414.jpg,367,359,401,412,1
frame_0415.jpg,212,259,256,346,0
frame_0415.jpg,367,359,401,412,1
frame_0416.jpg,212,259,256,346,0
frame_0416.jpg,367,359,401,412,1
frame_0417.jpg,212,259,256,346,0
frame_0417.jpg,367,359,401,412,1
frame_0418.jpg,212,259,256,346,0
frame_0418.jpg,367,359,401,412,1
frame_0419.jpg,212,259,256,346,0
frame_0419.jpg,367,359,401,412,1
frame_0420.jpg,212,259,256,346,0
frame_0420.jpg,367,359,401,412,1
frame_0421.jpg,212,259,256,346,0
frame_0421.jpg,367,359,401,412,1
frame_0422.jpg,212,259,256,346,0
frame_0422.jpg,367,359,401,412,1
frame_0423.jpg,212,259,256,346,0
frame_0423.jpg,367,359,401,412,1
frame_0424.jpg,212,259,256,346,0
frame_0424.jpg,367,359,401,412,1
frame_0425.jpg,212,259,256,346,0
frame_0425.jpg,367,359,401,412,1
frame_0426.jpg,212,259,256,346,0
frame_0426.jpg,367,359,401,412,1
frame_0427.jpg,212,259,256,346,0
frame_0427.jpg,367,359,401,412,1
frame_0428.jpg,212,259,256,346,0
frame_0428.jpg,367,359,401,412,1
frame_0429.jpg,212,259,256,346,0
frame_0429.jpg,367,359,401,412,1
frame_0430.jpg,212,259,256,346,0
frame_0430.jpg,367,359,401,412,1
frame_0431.jpg,212,259,256,346,0
frame_0431.jpg,367,359,401,412,1
frame_0432.jpg,212,259,256,346,0
frame_0432.jpg,367,359,401,412,1
frame_0433.jpg,212,259,256,346,0
frame_0433.jpg,367,359,401,412,1
frame_0434.jpg,212,259,256,346,0
frame_0434.jpg,367,359,401,412,1
frame_0435.jpg,212,259,256,346,0
frame_0435.jpg,367,359,401,412,1
frame_0436.jpg,212,259,256,346,0
frame_0436.jpg,367,359,401,412,1
frame_0437.jpg,212,259,256,346,0
frame_0437.jpg,367,359,401,412,1
frame_0438.jpg,212,259,256,346,0
frame_0438.jpg,367,359,401,412,1
frame_0439.jpg,212,259,256,346,0
frame_0439.jpg,367,359,401,412,1
frame_0440.jpg,212,259,256,346,0
frame_0440.jpg,367,359,401,412,1
frame_0441.jpg,212,259,256,346,0
frame_0441.jpg,367,359,401,412,1
frame_0442.jpg,212,259,256,346,0
frame_0442.jpg,367,359,401,412,1
frame_0443.jpg,212,259,256,346,0
frame_0443.jpg,367,359,401,412,1
frame_0444.jpg,212,259,256,346,0
frame_0444.jpg,367,359,401,412,1
frame_0445.jpg,212,259,256,346,0
frame_0445.jpg,367,359,401,412,1
frame_0446.jpg,212,259,256,346,0
frame_0446.jpg,367,359,401,412,1
frame_0447.jpg,212,259,256,346,0
frame_0447.jpg,367,359,401,412,1
frame_0448.jpg,212,259,256,346,0
frame_0448.jpg,367,359,401,412,1
frame_0449.jpg,212,259,256,346,0
frame_0449.jpg,367,359,401,412,1
frame_0450.jpg,212,259,256,346,0
frame_0450.jpg,367,359,401,412,1
frame_0451.jpg,212,259,256,346,0
frame_0451.jpg,367,359,401,412,1
frame_0452.jpg,212,259,256,346,0
frame_0452.jpg,367,359,401,412,1
frame_0453.jpg,212,259,256,346,0
frame_0453.jpg,367,359,401,412,1
frame_0454.jpg,212,259,256,346,0
frame_0454.jpg,367,359,401,412,1
frame_0455.jpg,212,259,256,346,0
frame_0455.jpg,367,359,401,412,1
frame_0456.jpg,212,259,256,346,0
frame_0456.jpg,367,359,401,412,1
frame_0457.jpg,212,259,256,346,0
frame_0457.jpg,367,359,401,412,1
frame_0458.jpg,212,259,256,346,0
frame_0458.jpg,367,359,401,412,1
frame_0459.jpg,212,259,256,346,0
frame_0459.jpg,367,359,401,412,1
frame_0460.jpg,212,259,256,346,0
frame_0460.jpg,367,359,401,412,1
frame_0461.jpg,212,259,256,346,0
frame_0461.jpg,367,359,401,412,1
frame_0462.jpg,212,259,256,346,0
frame_0462.jpg,367,359,401,412,1
frame_0463.jpg,212,259,256,346,0
frame_0463.jpg,367,359,401,412,1
frame_0464.jpg,212,259,256,346,0
frame_0464.jpg,367,359,401,412,1
